# Calibration distribution (I47 P10; D-IH-47-C target 40/40/10/10)

Tolerance: +/- 5.0 percentage points per class

| persona_id | total | trivial% | moderate% | hard% | impossible% | within tol? |
|:-----------|:-----:|:--------:|:---------:|:-----:|:-----------:|:-----------:|
| __overall__ | 326 | 11.0 | 40.8 | 40.2 | 8.0 | **YES** |
| OPERATOR | 55 | 16.4 | 38.2 | 36.4 | 9.1 | **NO** |
| PERSONA-ADVISOR-COLD | 11 | 9.1 | 45.5 | 36.4 | 9.1 | **NO** |
| PERSONA-ADVISOR-REFERRAL | 29 | 10.3 | 41.4 | 41.4 | 6.9 | **YES** |
| PERSONA-CUSTOMER-KIRBE-PROSPECT | 31 | 9.7 | 45.2 | 38.7 | 6.5 | **NO** |
| PERSONA-CUSTOMER-SERVICE-PROSPECT | 6 | 0.0 | 33.3 | 50.0 | 16.7 | **NO** |
| PERSONA-EXISTING-CUSTOMER | 18 | 5.6 | 38.9 | 50.0 | 5.6 | **NO** |
| PERSONA-EXISTING-PARTNER | 13 | 7.7 | 30.8 | 53.8 | 7.7 | **NO** |
| PERSONA-IDEA-PROPOSER | 6 | 0.0 | 33.3 | 50.0 | 16.7 | **NO** |
| PERSONA-INVESTOR-COLD | 35 | 17.1 | 40.0 | 34.3 | 8.6 | **NO** |
| PERSONA-INVESTOR-WARM | 30 | 10.0 | 40.0 | 43.3 | 6.7 | **YES** |
| PERSONA-PARTNER-JOINT-EQUITY | 14 | 7.1 | 35.7 | 50.0 | 7.1 | **NO** |
| PERSONA-PARTNER-SUBCONTRACT | 12 | 8.3 | 41.7 | 41.7 | 8.3 | **YES** |
| PERSONA-PRESS | 11 | 9.1 | 63.6 | 27.3 | 0.0 | **NO** |
| PERSONA-RANDOM-INBOUND | 15 | 13.3 | 26.7 | 46.7 | 13.3 | **NO** |
| PERSONA-TALENT-INBOUND | 12 | 8.3 | 41.7 | 41.7 | 8.3 | **YES** |
| PERSONA-VENDOR-INBOUND | 15 | 13.3 | 53.3 | 26.7 | 6.7 | **NO** |
| PERSONA-VENDOR-OUTBOUND | 13 | 7.7 | 46.2 | 38.5 | 7.7 | **NO** |
